[
    [
        1.0000000000000033,
        0.6287978204199549,
        0.37386621435641004,
        0.20673837201489056,
        0.3766321860230966,
        0.5220198799238835,
        0.5708792483766272
    ],
    [
        0.6287978204199549,
        1.0,
        0.3679373735419603,
        0.16750902625975317,
        0.3385094152453744,
        0.5158858517015369,
        0.5871871791095815
    ],
    [
        0.37386621435641004,
        0.3679373735419603,
        0.9999999999999971,
        0.30863055782881754,
        0.430768408285388,
        0.2801538240629762,
        0.37628465635096164
    ],
    [
        0.20673837201489056,
        0.16750902625975317,
        0.30863055782881754,
        0.9999999999999899,
        0.4979702340314444,
        0.14038338474395956,
        0.14463375612510526
    ],
    [
        0.3766321860230966,
        0.3385094152453744,
        0.430768408285388,
        0.4979702340314444,
        1.0000000000000582,
        0.2778539761303641,
        0.2583947557015955
    ],
    [
        0.5220198799238835,
        0.5158858517015369,
        0.2801538240629762,
        0.14038338474395956,
        0.2778539761303641,
        0.9999999999999546,
        0.3551108583670789
    ],
    [
        0.5708792483766272,
        0.5871871791095815,
        0.37628465635096164,
        0.14463375612510526,
        0.2583947557015955,
        0.3551108583670789,
        1.0000000000000049
    ]
]